('rock position:', [22, 75])
('all_rocks_positions:', [[22, 75], [90, 170], [650, 223], [114, 236]])
('rock position:', [89, 172])



Colision use case:
all_rocks_positions: [[309, 484], [770, 528], [745, 409], [789, 52], [645, 339], [618, 463], [551, 171], [420, 39], [209, 207], [344, 154], [98, 454], [699, 364]]
Colisions with positions: []
rock position: [790, 50]
all_rocks_positions: [[309, 484], [745, 409], [344, 154], [699, 364], [551, 171], [420, 39], [645, 339], [618, 463], [790, 50], [98, 454], [209, 207], [770, 528]]
Colisions with positions: []
rock position: [419, 41]
all_rocks_positions: [[344, 154], [699, 364], [770, 528], [209, 207], [645, 339], [745, 409], [790, 50], [309, 484], [98, 454], [618, 463], [551, 171], [419, 41]]
Colisions with positions: [[551, 171]]
rock position: [646, 341]


all_rocks_positions: [[644, 341], [615, 457], [209, 203], [97, 452], [767, 526], [342, 158], [421, 41], [744, 407], [310, 486], [789, 52], [553, 167], [698, 362]]
Colisions with positions: []
rock position: [743, 409]
all_rocks_positions: [[698, 362], [553, 167], [421, 41], [644, 341], [743, 409], [342, 158], [615, 457], [310, 486], [209, 203], [97, 452], [789, 52], [767, 526]]
Colisions with positions: [[698, 362]]



New pos: [566, 238]
New pos: [589, 201]
distance: